Full  log(Wcor)   e    Icor   Mcor        e
                 10-3   mag     mag  0.01mag

    1      2.224   11  14.51  -18.79      15
    2      2.418   22  13.10  -20.79      10
    3      2.519    5  11.69  -21.79      17
    4      2.288   65  14.13  -19.28      15
    5      2.554    9  12.14  -21.27      16
    6      2.310   14  13.75  -19.69       9
    7      2.411   10  13.22  -19.95      11
    8      2.352   20  13.14  -20.20      10
    9      2.452   18  12.69  -20.67      10
   10      2.331   17  13.86  -19.97      14
   11      2.416   24  13.25  -19.87       9
   12      2.592   31  12.76  -20.43      10
   13      2.674    8  11.08  -22.51      13
   14      2.352   21  13.18  -20.48       8
   15      2.404   12  13.04  -20.17      17
   16      2.327   24  12.48  -19.10       8
   17      2.724    7  11.18  -22.09       8
   18      2.489   73  13.35  -20.02       5
   19      2.595   22  12.50  -21.66       8
   20      2.568   15  12.54  -20.92      15
   21      2.554   10  12.18  -21.27       8
   22      2.393   16  12.59  -20.87      16
   23      2.438    8  13.56  -20.33      21
   24      2.194   20  14.34  -19.12      13
   25      2.476   36  12.42  -21.03      26
   26      2.431   31  12.53  -20.93       7
   27      2.651   35  12.19  -21.27       5
   28      2.379   19  14.07  -20.03       5
   29      2.463   18  12.49  -20.96       4
   30      2.272   15  14.57  -18.86      16
   31      2.378   78  13.59  -19.70       6
   32      2.464    9  12.74  -20.25      15
   33      2.390    7  12.45  -20.98      11
   34      2.645    7  11.28  -22.15      13
   35      2.498   30  13.21  -20.90       6
   36      2.425   12  12.91  -20.52      12
   37      2.458   53  12.71  -20.72      13
   38      2.235   40  13.55  -19.43      11
   39      2.686   12  11.12  -22.31      14
   40      2.508   16  12.17  -21.26       7
   41      2.519   18  13.41  -20.75       6
   42      2.698    6  11.58  -21.85      15
   43      2.573    7  11.80  -21.62      12
   44      2.706    6  10.86  -22.57      10
   45      2.362   20  14.01  -18.93      11
   46      2.510    5  11.95  -20.94      13
   47      2.565   18  11.76  -21.72       6
   48      2.472    6  13.10  -20.86      14
   49      2.463   26  14.07  -20.01      11
   50      2.180   15  14.90  -18.53      10
   51      2.631    6  11.53  -21.53      11
   52      2.446   15  12.78  -20.80      13
   53      2.300   50  13.99  -19.33       9
   54      2.535   12  11.94  -21.67      17
   55      2.530   10  12.30  -21.37       8
   56      2.420   36  13.14  -20.55      21
   57      2.559   19  11.85  -21.51       4
   58      2.807   14  10.50  -22.86      14
   59      2.464   25  12.59  -20.77       8
   60      2.540   10  12.82  -20.54       8
   61      2.695   10  11.61  -21.75      10
   62      2.223   15  14.27  -19.10       6
   63      2.606   23  11.44  -21.92      10
   64      2.637   28  11.74  -21.62      13
   65      2.347   30  12.83  -20.53      17
   66      2.492   23  12.57  -20.79       5
   67      2.591   14  11.98  -21.39      11
   68      2.522   44  12.15  -21.52      12
   69      2.413   99  12.42  -20.94      10
   70      2.362   10  13.52  -19.84      18
   71      2.323   17  13.61  -19.75       8
   72      2.603   14  12.89  -20.47       7
   73      2.618   29  11.01  -22.35       7
   74      2.529   53  11.90  -21.46       8
   75      2.535   13  12.20  -21.16      17
   76      2.525   14  11.86  -21.11       8
   77      2.644    6  10.99  -22.74      14
   78      2.185   12  14.48  -19.02      10
   79      2.583   41  11.77  -21.75       7
   80      2.667   13  11.06  -21.98      11
   81      2.339   11  12.95  -20.45       7
   82      2.512   10  12.53  -21.00      11
   83      2.264   43  14.55  -18.92      19
   84      2.431    8  13.78  -20.32       7
   85      2.509    7  13.20  -20.84      10
   86      2.612    5  12.13  -21.75      13
   87      2.413   10  13.86  -20.59      12
   88      2.542   24  12.29  -21.17       9
   89      2.514   11  12.92  -20.68       9
   90      2.458   10  13.13  -20.74      12
   91      2.694   37  11.78  -22.33       9
   92      2.515   10  10.75  -21.29       8
   93      2.501   16  12.46  -21.52       8
   94      2.438    9  13.28  -20.54      12
   95      2.304   21  12.81  -21.25       8
   96      2.450   18  12.40  -20.78       8
   97      2.514    9  13.15  -21.09      11
   98      2.761   10  11.16  -23.07      18
   99      2.621    8  12.59  -21.64      14
  100      2.462   23  13.46  -20.95       9
  101      2.669   17  12.11  -22.37       6
  102      2.425    6  13.42  -20.01      12
  103      2.616    9  12.61  -21.63       9
  104      2.520   13  13.16  -21.40      14
  105      2.489   12  13.41  -20.83      12
  106      2.569   18  12.80  -21.43      11
  107      2.587   14  12.82  -21.41       4
  108      2.387   11  11.94  -20.34      13
  109      2.624   23  12.79  -21.44       9
  110      2.532   12  13.14  -21.09      11
  111      2.345   33  13.83  -20.40       7
  112      2.526    7  12.74  -21.11      13
  113      2.446   12  13.20  -21.00       9
  114      2.552   23  13.49  -21.11       9
  115      2.526   11  12.93  -21.24      16
  116      2.491   10  10.52  -20.86      19
  117      2.209   55  14.42  -17.86       7
  118      2.431    6  11.76  -19.86      13
  119      2.382   33  10.92  -20.02       8
  120      2.301   50  13.29  -19.22       7
  121      2.605   75   9.10  -21.83       6
  122      2.384    7  10.84  -20.10      17
  123      2.498   40  10.17  -20.77       9
  124      2.193   10  12.39  -18.55       8
  125      2.306   41  12.18  -18.75       6
  126      2.379   11  10.90  -19.55      10
  127      2.284   30  11.60  -19.34       8
  128      2.572   30   9.15  -21.79       9
  129      2.041   82  13.80  -17.14       9
  130      2.543   26  10.08  -20.86      11
  131      2.223   60  12.65  -18.28      10
  132      2.046   91  14.02  -16.92       8
  133      2.616   27   9.80  -21.14      10
  134      2.157   22  13.58  -17.36       6
  135      2.434   28  10.90  -20.04       8
  136      2.410   41  12.06  -18.89       6
  137      2.152   35  13.11  -17.83       7
  138      2.350   30   9.96  -20.98       9
  139      2.198   47  12.99  -17.94       8
  140      2.193   32  12.91  -18.03       7
  141      2.386   40  11.78  -19.16       6
  142      2.236   48  12.00  -18.94       8
  143      2.536    8   9.97  -21.49      14
  144      2.528    6  10.72  -20.83      19
  145      2.441    8  11.19  -19.75       8
  146      2.505   31  11.01  -19.93       9
  147      2.380   44  11.37  -19.57       7
  148      2.303   24  11.69  -19.25      11
  149      2.122   19  13.24  -18.04       7
  150      2.361   40  11.61  -19.64       9
  151      2.119   62  13.09  -18.14       8
  152      2.209   36  13.01  -18.18       7
  153      2.336   45  11.92  -19.42       7
  154      2.573   63  11.42  -19.12       5
  155      2.723   17   8.05  -22.17      10
  156      2.106   65  13.37  -17.25      10
  157      2.253   17  11.99  -18.57      10
  158      2.094   20  11.34  -18.29       6
  159      2.090   79  12.92  -17.70      18
  160      2.176   50  12.40  -18.22      18
  161      2.150   48  12.70  -17.91      11
  162      2.339   12  11.42  -18.47       6
  163      2.339   38  11.38  -19.24       5
  164      2.112  160  13.51  -17.11       7
  165      2.481   36   9.37  -21.25       6
  166      2.267   20  11.76  -18.86      14
  167      2.612   17   8.91  -21.71       6
  168      2.225   31  12.69  -17.93       6
  169      2.204  103  12.62  -18.00       5
  170      1.968   60  13.77  -16.84       7
  171      2.693   15   8.24  -22.38      11
  172      2.438   15  10.74  -19.88       9
  173      2.466   22   9.78  -20.84      18
  174      2.010   70  12.16  -18.46       9
  175      2.011   99  12.40  -18.22       7
  176      2.572   12   9.56  -21.06      10
  177      2.462   40  10.40  -20.22       9
  178      2.582    5   9.05  -21.56      19
  179      1.783   95  14.82  -15.80      16
  180      1.990  100  11.92  -18.70      11
  181      2.430   11  10.10  -20.52      14
  182      2.074   40  12.75  -17.87       9
  183      2.391   13  10.42  -19.42       9
  184      2.035   42  12.52  -18.10       6
  185      2.196   16  11.80  -18.82       7
  186      2.274   18  10.99  -19.19       6
  187      2.309   12  11.05  -19.57      14
  188      1.954  130  14.73  -15.27       9
  189      2.468   25   8.98  -20.67       9
  190      2.023   40  14.13  -16.49      10
  191      2.716    8   8.37  -22.24      15
  192      2.427    8  11.11  -20.25      19
  193      2.277   32  10.69  -19.42       6
  194      2.263   38  11.52  -18.82       8
  195      2.153   50  13.81  -17.00       6
  196      2.296   12  10.16  -19.19       6
  197      2.340   29  13.29  -20.15      14
  198      2.501    9  12.45  -20.98      11
  199      2.574   14  12.24  -21.45       7

  200      2.363    7  13.18  -20.04      12
  201      2.124   50  11.63  -21.56       9
  202      2.554   28  12.23  -21.86      15
  203      2.666   24  11.07  -21.86      12
  204      2.399    9  13.17  -20.32      22
  205      2.550    7  12.56  -21.41       6
  206      2.575    6  11.71  -21.78      20
  207      2.483   29  11.39  -21.54       8
  208      2.166   30  13.20  -18.62       9
  209      2.480   14  12.70  -20.79       8
  210      2.180   65  13.79  -19.15       6
  211      2.344   11  13.48  -20.01      11
  212      2.596   60  12.56  -20.93       5
  213      2.365   33  13.79  -19.70       6
  214      2.375   26  14.01  -20.10       8
  215      2.370   50  13.68  -19.81       6
  216      2.422   15  14.08  -19.40       7
  217      2.630   15  11.26  -21.68      14
  218      2.268   16  14.13  -19.36      18
  219      2.300   70  13.13  -20.36       6
  220      2.172   52  15.23  -18.88      21
  221      2.450   29  12.87  -20.62       9
  222      2.510   15  13.31  -20.80      12
  223      2.237   13  13.62  -19.31       9
  224      2.521   47  11.90  -21.18       8
  225      2.369   11  13.29  -20.68       6
  226      2.562   29  11.10  -20.73        
  227      2.391   21  12.59  -20.89      26
  228      2.250   12  14.15  -19.33      12
  229      2.654    7  11.02  -22.46      22
  230      2.506   15  13.29  -20.82      10
  231      2.484   35  11.73  -21.76       7
  232      2.315    8  14.09  -19.40      18
  233      2.358   11  13.27  -20.21      11
  235      2.642   21  12.17  -21.66      11
  236      2.445   10  13.55  -20.28      18
  237      2.634    7  12.00  -21.98      12
  238      2.614   24  11.07  -22.41      11
  239      2.293    7  14.10  -19.38      11
  240      2.220   20  14.46  -19.37      20
  241      2.227   40  12.07  -19.78       9
  242      2.509    9  13.09  -20.74      15
  243      2.431    8  13.00  -20.72      22
  244      2.368   37  10.88  -21.01      13
  245      2.656    7  11.26  -21.59       4
  246      2.331    8  13.94  -19.52      10
  247      2.407    7  13.39  -19.90      12
  248      2.506   50  12.88  -21.26      24
  249      2.571   50  12.67  -21.45      21
  250      2.589    9  12.65  -21.43      17
  251      2.435   11  11.79  -20.61      12
  252      2.396    7  11.20  -21.29      12
  253      2.537   35  11.02  -21.41       9
  254      2.662    7   9.68  -22.57      23
  255      2.631   16  10.27  -22.16      10
  256      2.596   25  10.80  -21.68      10
  257      2.429   14  11.50  -21.01      11
  258      2.431   19  11.15  -21.34       9
  259      2.228   22  13.87  -18.57      10
  260      2.468    6  11.17  -21.32      16
  261      2.379   21  12.26  -20.23      12
  262      2.426   25  11.99  -20.49      11
  263      2.602   11  10.38  -22.11      15
  264      2.730   28   9.37  -23.12       6
  265      2.471   74  11.06  -21.43       7
  266      2.491   35  11.35  -21.14      15
  267      2.531    8  12.25  -20.90      19
  268      2.415   40  12.43  -20.05      11
  269      2.561   30  11.01  -21.47      20
  270      2.601   32  10.61  -21.84      11
  271      2.320   50  12.34  -20.11       8
  272      2.520   33  11.07  -21.41      14
  273      2.527   27  11.28  -21.20      10
  274      2.209   57  13.93  -18.35       7
  275      2.629   11   9.91  -22.58      15
  276      2.572   13  10.75  -21.73      19
  277      2.478   41  11.90  -20.59       8
  278      2.703   12  10.39  -22.41      13
  279      2.485   10  12.64  -20.84      13
  280      2.350   10  11.87  -20.32      19
  281      2.526    7  11.43  -20.93      15
  282      2.567    8  11.62  -21.38      12
  283      2.420   13  12.68  -20.38      10
  284      2.700   26  11.40  -21.67      14
  285      2.436   28  12.77  -20.29      20
  286      2.612   27  12.09  -20.98      16
  287      2.525   25  11.89  -21.18      11
  288      2.418   23  12.82  -20.24      12
  289      2.442   13  12.85  -20.21      13
  290      2.483   14  12.35  -20.71      11
  291      2.610    5  11.02  -22.04      15
  292      2.507   12  11.82  -21.24      15
  293      2.340   25  13.10  -19.96      10
  294      2.223   25  14.18  -18.89       8
  295      2.292   25  12.39  -20.67      11
  296      2.558   18  11.38  -21.68       7
  297      2.585   12  12.11  -20.95      10
  298      2.422   20  13.01  -20.06      11
  299      2.532   14  11.79  -21.27      11
  300      2.609   26  11.75  -21.31       8
  301      2.301   80  12.06  -21.01      10
  302      2.592   19  11.17  -21.90       6
  303      2.607   31  11.64  -21.43       9
  304      2.489   27  12.00  -20.84      17
  305      2.441   11  12.08  -20.93       7
  306      2.447   14  12.42  -20.54      12
  307      2.509   12  11.43  -21.43      11
  308      2.602   26  10.72  -21.80      12
  309      2.592    4  10.96  -21.55      15
  310      2.477   26  10.59  -21.62      12
  311      2.410   11  11.79  -20.73      10
  312      2.651    8  10.59  -21.38      10
  313      2.501   20  11.77  -20.75       9
  314      2.330   13  11.81  -20.33      15
  315      2.528   15  11.20  -21.32      45
  316      2.342   36  12.45  -20.07       9
  317      2.429   17  11.66  -20.86      10
  318      2.225   30  13.93  -19.06      12
  319      2.378   35  12.73  -20.04      17
  320      2.458   13  13.48  -20.30       8
  321      2.693    6  11.78  -22.39      15
  322      2.104  100  12.75  -21.30       9
  323      2.463   15  13.70  -20.47       9
  324      2.384   10  13.31  -20.52      31
  325      2.481   20  13.93  -20.24      10
  326      2.563   20  12.77  -21.39      10
  327      2.436   35  12.32  -20.87      18
  328      2.451   15  13.54  -20.62      10
  329      2.583   13  13.19  -21.37      16
  330      2.465   42  13.40  -20.77      17
  331      2.454   16  13.39  -20.77       8
  332      2.422   35  13.57  -20.59      11
  333      2.377   31  13.99  -20.18      18
  334      2.570   11  12.83  -21.33       9
  335      2.501   18  12.71  -21.46       8
  336      2.583   10  12.21  -21.96      17
  337      2.349   65  11.77  -22.40       9
  338      2.530   32  12.82  -21.35      12
  339      2.696   23  11.95  -22.21      35
  340      2.558   60  12.52  -21.65      12
  341      2.662   12  12.16  -22.01       6
  342      2.583    9  12.61  -21.56      12
  343      2.722   26  11.36  -22.81      11
  344      2.423   22  13.43  -21.16      10
  345      2.450   15  13.16  -21.00      11
  346      2.778   25  11.34  -22.83       7
  347      2.534    5  13.36  -20.81      17
  348      2.575   15  12.86  -21.30      25
  349      2.587   50  12.49  -21.68      10
  350      2.544   13  12.85  -21.32      12
  351      2.502   15  12.19  -20.78       4
  352      2.476   44  13.18  -20.98      12
  353      2.346   55  13.77  -20.40       8
  354      2.570   30  12.42  -21.75       5
  355      2.527   27  13.07  -21.58      35
  356      2.450   62  12.41  -21.76       7
  357      2.507   22  13.84  -20.34      20
  358      2.518   38  12.81  -21.36       6
  359      2.456   32  12.14  -20.93      11
  360      2.649   14  11.76  -22.41       6
  361      2.636    6  12.19  -21.97       7
  362      2.714   95  12.46  -21.71      15
  363      2.344   30  14.04  -20.13      35
  364      2.553   11  12.47  -21.70      14
  365      2.464   20  13.38  -20.79      10
  366      2.520    8  13.06  -21.09      12
  367      2.528   15  12.92  -21.38      23
  368      2.165   29  12.39  -17.80       5
  369      2.494   15   9.29  -20.92       4
  370      2.518   25  10.17  -20.02       5
  371      2.306   16  12.65  -18.03       7
  372      2.362   12  10.65  -19.55       7
  373      2.212   27  11.98  -18.21      14
  374      2.254   13  12.01  -18.20       6
  375      2.523    9   9.29  -20.92      11
  376      2.539   22   9.42  -20.77       7
  377      2.188   18  12.59  -17.61      10
  378      2.142   18  13.41  -16.80      20
  379      2.177   49  13.22  -16.97       6
  380      2.408   10  10.08  -20.11      14
  381      2.481   18  10.02  -20.17       5
  382      2.633   10   8.75  -21.44      11
  383      2.391   26  10.74  -19.45      12
  384      2.329   35  11.23  -18.96       5
  385      2.191   37  12.16  -18.03       7
  386      2.569   17   9.20  -20.99      15
  387      2.377   20  10.70  -19.49      17
  388      2.280   26  11.84  -18.35       7
  389      2.424   12  10.57  -19.64      11
  390      2.566   17   9.02  -21.17      10
  391      2.565   20   9.40  -20.79      11
  392      2.562   21   9.71  -20.42       7
  393      2.251   20  12.52  -17.68       6
  394      2.580   17   9.10  -21.09      17
  395      2.328   25  10.76  -19.43      17
  396      2.572   20   9.13  -21.06      11
  397      2.106   36  13.30  -16.90      14
  398      2.282    3  13.36  -19.16      10
  399      2.465   29  11.59  -21.11      19
  400      2.365   43  11.81  -20.92      15
  401      2.664    9   9.90  -22.67      13
  402      2.658    6  10.19  -22.40      24
  403      2.386   50  12.41  -20.04      20
  404      2.173  150  12.62  -19.88      18
  405      2.205   70  13.67  -18.95      10
  406      2.431   21  11.68  -20.89       8
  407      2.510   21  10.98  -21.64      13
  408      2.363   13  12.07  -20.55      16
  409      2.428   14  11.50  -21.12      15
  410      2.447   27  11.55  -21.07      16
  411      2.647   13   9.89  -22.73      15
  412      2.491   50  11.61  -21.01      15
  413      2.328   10  13.09  -19.53      12
  414      2.586   27  11.64  -20.98      20
  415      2.247   43  13.12  -19.50      12
  416      2.510   38  11.51  -21.11      18
  417      2.433   18  12.25  -20.37      11
  418      2.283   51  13.25  -19.37      14
  419      2.602   36  11.24  -21.38      13
  420      2.346   37  12.90  -19.72      19
  421      2.499   27  11.28  -21.34      20
  422      2.334   20  13.27  -19.35      13
  423      2.153   44  13.34  -19.28      13
  424      2.225   63  13.10  -19.21       8
  425      2.559   15  10.55  -21.61       9
  426      2.284   41  13.35  -19.26      15
  427      2.482   40  12.02  -20.60      11
  428      2.243   58  12.54  -20.08      10
  429      2.211   51  13.87  -18.75      13
  430      2.477   35  11.88  -20.74      12
  431      2.389   40  12.25  -20.71      18
  432      2.306   93  13.22  -19.42      11
  433      2.763   27   9.64  -22.93      25
  434      2.536   25  10.39  -22.09      16
  435      2.453   14  11.59  -21.13      15
  436      2.510   27  11.02  -21.57      18
  437      2.503   28  11.66  -21.37      12
  438      2.632   46  11.69  -22.12      13
  439      2.557   10   9.98  -21.81      22
  440      2.647   22  11.98  -22.00      15
  441      2.536   26  11.71  -21.46      13
  442      2.481   11  10.83  -21.12      11
  443      2.652   19  12.65  -22.10      14
  444      2.328   38  12.71  -20.73      19
  445      2.367   29  13.06  -20.85       9
  446      2.643   19  11.90  -21.93      16
  447      2.540   35  12.26  -21.19      13
  448      2.621   11  11.05  -22.40      15
  449      2.226   40  12.48  -19.37      11
  450      2.620   15  11.40  -22.04      11
  451      2.370   41  13.49  -19.96      11
  452      2.467   52  11.74  -21.71      13
  453      2.799   19  10.30  -23.06      25
  454      2.552   16   9.80  -22.15      19
  455      2.635   19  11.80  -21.85      19
  456      2.365    8  10.30  -20.75      25
  457      2.342  100  11.09  -20.57      25
  458      2.653   21  12.95  -22.11      14
  459      2.702   15  11.38  -22.21      14
  460      2.521   35  12.50  -21.11      12
  461      2.721   28  11.06  -22.54      20
  462      2.377    7  11.04  -21.10      16
  463      2.180   30  12.55  -19.12      12
  464      2.692   38  12.43  -22.33      20
  465      2.146   69  13.42  -18.12      10
  466      2.145   23  12.20  -19.01       8
  467      2.252   10  10.81  -20.35      14
  468      2.563   25  12.33  -21.73      10
  469      2.374   17  12.19  -20.05       9
  470      2.425   38  11.33  -20.90       9
  471      2.556   18  12.72  -21.52      13
  472      2.560   18  12.80  -21.43      11
  473      2.503   19  13.07  -21.27      13
  474      2.510   10  13.60  -20.70      20
  475      2.630    9  12.81  -21.83      11
  476      2.667    8  12.26  -22.27      14
  477      2.494   13  12.98  -21.45       9
  478      2.659    6  12.56  -22.38      13
  479      2.448   12  13.40  -21.15      12
  480      2.496    9  13.62  -20.36      20
  481      2.470   25  13.49  -20.82       9
  482      2.545    8  12.77  -21.54      13
  483      2.536   95  12.88  -21.43       9
  484      2.483   19  13.07  -21.24      13
  485      2.541   14  13.01  -21.63       8
  486      2.472   15  13.15  -20.92       8
  487      2.540   18  13.35  -20.95      11
  488      2.716   15  12.31  -21.99      19
  489      2.469   17  13.72  -20.58      10
  490      2.691    6  11.98  -22.33      18
  491      2.550   18  13.23  -21.08      11
  492      2.514   54  13.04  -21.27      10
  493      2.508   29  13.22  -21.09      16
  494      2.616   29  12.43  -21.87      22
  495      2.569   13  12.69  -21.62      13
  496      2.629   27  12.08  -22.23      17
  497      2.399   14  13.66  -20.64      18
  498      2.420   11  13.57  -20.73      15
  499      2.569   13  12.59  -21.72      11
  500      2.666    6  12.53  -21.78      11
  501      2.584   27  12.97  -21.34      11
  502      2.308   33  14.27  -20.04      10
  503      2.668   25  11.97  -22.34       9
  504      2.377   28  13.87  -20.44      19
  505      2.430   14  13.26  -20.48      17
  506      2.708    8  11.98  -22.33      17
  507      2.566   11  12.50  -21.81      11
  508      2.386   12  13.72  -20.59      11
  509      2.396   16  13.08  -20.65      13
  510      2.442   18  13.42  -20.88       9
  511      2.529   13  12.80  -21.51      10
  512      2.376   20  13.47  -20.56       9
  513      2.778   11  11.50  -22.81      11
  514      2.465   11  13.04  -20.98      10
  515      2.385    8  14.15  -20.16      11
  516      2.590   12  12.05  -21.80       5
  517      2.509   29  12.49  -21.35       9
  518      2.727    6  11.79  -22.43      15
  519      2.339   31  13.46  -20.19       7
  520      2.571   10  12.59  -21.41      15
  521      2.233   43  12.88  -19.73       9
  522      2.399   20  12.27  -20.36      11
  523      2.518   20  11.39  -21.46      18
  524      2.490    7  11.71  -20.76      23
  525      2.435   60  12.00  -20.64       7
  526      2.531   48  11.12  -21.47      15
  527      2.332   14  12.55  -20.00      11
  528      2.380   60  12.57  -20.30      15
  529      2.178   45  13.21  -19.34       9
  530      2.345   14  11.77  -20.77      18
  531      2.347   30  12.32  -20.23      13
  532      2.043   34  13.65  -18.29       8
  533      2.335   13  12.16  -20.39       8
  534      2.322   79  13.10  -18.82       5
  535      2.547   11  10.63  -21.82      15
  536      2.461    8  11.40  -21.15      17
  537      2.512    9  10.88  -21.66      12
  538      2.403   15  11.93  -20.44      19
  539      2.175   33  13.09  -18.70      10
  540      2.415   64  11.24  -21.30       6
  541      2.228   33  13.06  -18.87       9
  542      2.216   12  12.31  -19.60      20
  543      2.362   24  11.73  -20.32      10
  544      2.562   35  11.07  -21.47       4
  545      2.296   29  11.38  -20.42       9
  546      2.207   23   9.92  -21.66       9
  547      2.627   27  11.41  -21.99      11
  548      2.403   27  13.06  -20.17      13
  549      2.335   12  13.33  -19.98      13
  550      2.208  102  13.20  -18.98       7
  551      2.445   29  12.90  -20.47      12
  552      2.528    6  10.00  -22.13      16
  553      2.342   15  12.98  -19.94      10
  554      2.372   31  13.27  -20.14      12
  555      2.524    7  11.05  -21.26      10
  556      2.671   13  11.87  -22.38       9
  557      2.405   25  12.43  -20.62       9
  558      2.623   20  11.67  -21.76      15
  559      2.452   32  12.79  -20.90      15
  560      2.574   25  12.14  -21.29      11
  561      2.591   24  11.83  -21.60      11
  562      2.373   36  13.17  -20.26      20
  563      2.537   24  12.38  -21.05      19
  564      2.716   30  11.23  -22.20      11
  565      2.533   29  11.90  -21.53      11
  566      2.572   18  11.72  -21.71      16
  567      2.627    7  11.52  -21.92      20
  568      2.076   35  11.26  -19.58      14
  569      2.376   52  13.42  -20.70       9
  570      2.607   34  12.20  -22.16      10
  571      2.563   33  11.63  -21.52      11
  572      2.487   17  11.16  -22.00      10
  573      2.589   12  11.72  -21.81      25
  574      2.670    6  12.38  -21.92      22
  575      2.414    8  12.73  -20.42      14
  576      2.464    9  13.36  -21.03      20
  577      2.322   60  12.93  -20.07       8
  578      2.650   11  11.18  -22.13      11
  579      2.663   40  12.44  -22.43      10
  580      2.534   11  13.62  -21.36       9
  581      2.685   16  12.60  -22.21       7
  582      2.500   18  13.10  -21.75       7
  583      2.547    5  13.07  -21.78      15
  584      2.618   18  12.75  -22.09       8
  585      2.523   22  13.43  -21.38      30
  586      2.684   20  12.77  -22.04       6
  587      2.306   60  14.39  -20.42      27
  588      2.607   22  13.04  -21.80      25
  589      2.364   95  13.24  -21.60       5
  590      2.573   24  13.64  -21.21      10
  591      2.594   17  13.32  -21.53      20
  592      2.475   13  14.66  -20.18      18
  593      2.582   12  13.19  -21.65      22
  594      2.579   48  12.90  -21.90       8
  595      2.548   20  13.37  -21.47      22
  596      2.740   13  12.69  -22.11      18
  597      2.699   23  12.72  -22.12       9
  598      2.526   11  13.83  -21.16      26
  599      2.631   16  12.76  -22.08      16
  600      2.749   28  12.00  -22.81      16
  601      2.627    9  12.94  -21.87      20
  602      2.722    9  12.49  -22.31       8
  603      2.697    9  12.65  -22.23       8
  604      2.505   11  13.33  -21.49      12
  605      2.585   23  11.34  -22.06      17
  606      2.595   55  11.47  -22.07       9
  607      2.225   71  13.00  -19.26      13
  608      2.404   12  11.63  -20.57      11
  609      2.385   96  12.29  -20.89      10
  610      2.310   29  12.63  -20.02      14
  611      2.263   16  12.36  -19.50       7
  612      2.455   16  11.76  -20.75       9
  613      2.511   20  12.06  -21.37       9
  614      2.371    8  11.55  -20.67      13
  615      2.637   28  10.98  -22.26      15
  616      2.431   46  12.86  -20.37      14
  617      2.607   21  11.09  -21.42      13
  618      2.301   41  11.26  -20.30      12
  619      2.482    7  10.07  -21.66      11
  620      2.468   75  11.45  -22.00       9
  621      2.607   60  11.44  -21.92      10
  622      2.321   40  13.48  -19.76       8
  623      2.359   79  12.62  -20.04       6
  624      2.258   24  13.66  -19.74      18
  625      2.483   60  11.76  -21.48      10
  626      2.527   33  11.71  -21.53       9
  627      2.374   23  12.50  -20.23      14
  628      2.649   11  10.75  -22.05      11
  629      2.432   40  12.85  -20.28      10
  630      2.723   18  10.90  -22.30      17
  631      2.432   35  11.92  -20.98      10
  632      2.439    9  11.51  -20.97      19
  633      2.412   80  12.16  -21.05      10
  634      2.386   34  12.47  -19.93       9
  635      2.742   10  10.44  -22.80      18
  636      2.740   23  10.91  -22.29      10
  637      2.513   35  11.86  -20.81       9
  638      2.410   27  12.60  -20.34      12
  639      2.522   21  12.07  -21.26       9
  640      2.526   32  12.49  -20.95      11
  641      2.571   18  11.87  -21.23      12
  642      2.345  100  13.36  -19.73      16
  643      2.445   14  11.36  -21.75      15
  644      2.477   25  12.26  -20.80      13
  645      2.398   39  13.36  -20.42      19
  646      2.479   29  12.01  -21.05      13
  647      2.301   79  12.78  -20.16      10
  648      2.335   12  13.03  -19.58      11
  649      2.461   27  12.73  -20.33      12
  650      2.263   51  13.11  -19.39       7
  651      2.412   14  12.36  -20.69      19
  652      2.470   21  11.81  -20.70      11
  653      2.645   13  10.07  -22.36      12
  654      2.482   54  11.74  -21.33      10
  655      2.493   23  11.68  -21.38      10
  656      2.547    6  10.86  -21.59      15
  657      2.184   40  14.90  -17.63       6
  658      2.411    8  12.19  -20.38      19
  659      2.721    9  10.54  -21.89      16
  660      2.483   25  12.93  -20.59      11
  661      2.581    7  11.88  -21.09      13
  662      2.235   45  13.92  -19.03       6
  663      2.406   12  12.86  -20.11      19
  664      2.154   70  13.11  -19.18       7
  665      2.372   52  11.73  -19.82       8
  666      2.448   37  11.12  -20.81       9
  667      2.255   17  12.82  -18.97      10
  668      2.535   13  11.46  -21.03      19
  669      2.514   39  11.56  -21.00      21
  670      2.182   51  13.35  -18.48       6
  671      2.198   62  14.22  -17.61       6
  672      2.288   30  13.02  -18.82       7
  673      2.408   94  11.68  -20.16       6
  674      2.562   62  11.19  -20.64       7
  675      2.438   45  11.50  -20.33       9
  676      2.278   20  13.55  -18.29       7
  677      2.225   40  12.93  -18.91       8
  678      2.204   55  13.31  -17.54      15
  679      2.711    5   9.45  -22.37      17
  680      1.939   61  14.05  -16.68       6
  681      2.589   35  10.85  -20.99      10
  682      2.449   19  11.71  -20.13      10
  683      2.254   57  13.24  -18.60       6
  684      2.468   15  11.56  -20.28      19
  685      2.611   20  10.51  -21.99      10
  686      2.557   17  11.45  -20.26       9
  687      2.186   35  14.02  -17.85      12
  688      2.475   18  12.04  -20.72      10
  689      2.080   73  13.02  -17.90      10
  690      2.151   85  13.01  -18.70       7
  691      2.235   57  13.91  -18.68       6
  692      2.534   20  11.62  -20.96       9
  693      2.353   19  11.22  -20.10      13
  694      2.502    9   9.69  -20.56      11
  695      2.619   32  11.19  -21.28      11
  696      2.317    9  10.88  -19.02      10
  697      2.503   26  11.87  -20.32       9
  698      2.543   11  10.99  -20.63      13
  699      2.323   16  12.63  -19.05      11
  700      2.656   12  10.51  -21.77      11
  701      2.290   12  13.18  -18.76      10
  702      2.280   67  13.29  -18.80       5
  703      2.497   48   9.97  -20.40       9
  704      2.319   11  11.30  -19.43      12
  705      2.671   65  10.95  -20.18      12
  706      2.427   19  10.82  -20.28      13
  707      2.545   28  10.06  -20.71      10
  708      2.394   31  10.32  -19.74       7
  709      2.102   27  13.26  -16.96       6
  710      2.385   38  13.01  -20.25       6
  711      2.403   22  11.88  -20.59      16
  712      2.369   13  13.01  -19.74       8
  713      2.399    9  13.25  -20.04      10
  714      2.374   20  13.65  -18.84      10
  715      2.290   12  14.24  -18.87       9
  716      2.445   10  12.33  -20.41       6
  717      2.673    6  11.43  -21.85      19
  718      2.346    8  13.64  -19.56      13
  719      2.533   10  12.03  -21.17      10
  720      2.481   10  11.72  -20.11      13
  721      2.618    6  10.06  -21.77      17
  722      2.235   61  13.15  -19.60      19
  723      2.300   11  13.92  -19.28       6
  724      2.452    8  12.89  -20.44      16
  725      2.275   18  12.96  -19.78      22
  726      2.318   24  13.13  -19.62       6
  727      2.463   18  12.50  -20.25       9
  728      2.621   10  11.61  -21.72       6
  729      2.306   11  13.28  -19.46      12
  730      2.471   13  12.20  -20.54      13
  731      2.472   36  12.27  -20.48      13
  732      2.191   39  13.13  -19.61       8
  733      2.391  108  13.99  -18.78       9
  734      2.558   11  11.62  -21.13       8
  735      2.310   27  13.21  -20.19      10
  736      2.342   18  14.07  -19.24      15
  737      2.149   42  14.33  -18.41       7
  738      2.268   11  13.82  -18.93      22
  739      2.495   16  12.78  -19.98       6
  740      2.211   12  14.49  -18.45      12
  741      2.262   12  13.73  -19.07       6
  742      2.368   19  11.43  -20.63       6
  743      2.377   13  13.24  -20.57      29
  744      2.381   29  13.51  -20.16      22
  745      2.654    6  12.77  -22.01      11
  746      2.367   52  12.92  -20.65      13
  747      2.673    9  12.64  -22.14      17
  748      2.520   20  13.17  -21.61       8
  749      2.376   25  14.90  -19.89      12
  750      2.518   17  13.79  -21.00      11
  751      2.163   47  15.88  -18.90      11
  752      2.469   15  14.48  -20.30       9
  753      2.356   54  14.60  -20.18      20
  754      2.283   16  16.03  -19.29      18
  755      2.621   25  12.65  -22.13      19
  756      2.443   28  13.81  -20.96      14
  757      2.423   35  14.11  -20.67       9
  758      2.753   14  13.19  -22.17       6
  759      2.659   11  12.77  -22.01      10
  760      2.599    8  13.20  -21.11      14
  761      2.351   10  13.56  -20.75      16
  762      2.523   34  13.08  -21.22       9
  763      2.463   12  13.61  -20.70      13
  764      2.631    6  12.27  -22.04      17
  765      2.318   55  14.13  -20.23      16
  766      2.730   14  12.19  -22.59       9
  767      2.725   10  11.96  -22.52       8
  768      2.584   10  12.93  -21.85      12
  769      2.599    8  13.21  -21.57      10
  770      2.514   10  13.60  -20.89      19
  771      2.635   16  12.78  -22.50      10
  772      2.760   37  12.10  -22.60       9
  773      2.530   45  13.07  -21.42      11
  774      2.655    7  13.15  -21.64      12
  775      2.487   15  13.43  -21.05       9
  776      2.474   28  13.32  -21.16      12
  777      2.559   26  13.39  -21.09       7
  778      2.549   26  13.20  -21.28      12
  779      2.483   11  13.66  -20.82       9
  780      2.706   19  12.46  -22.02       9
  781      2.607   11  12.46  -21.65      10
  782      2.433   11  13.49  -20.85      12
