0.0105	33.26878
0.0105	33.36
0.0106	33.450258
0.0108	33.312
0.0133	33.953
0.0135	33.475
0.0138	33.880044
0.0155	33.890265
0.0155	34.019465
0.0163	34.16
0.0165	33.858
0.0169	34.302
0.0172	34.218
0.0174	34.205
0.0175	34.268519
0.0177	34.081474
0.0177	34.456
0.0189	34.739406
0.0208	34.700282
0.0218	34.923
0.0224	34.756725
0.0234	35.072902
0.0235	35.156
0.0236	35.046058
0.0251	35.202
0.0265	35.441
0.0267	35.318895
0.0277	35.631
0.0277	34.956
0.0303	35.882604
0.0305	35.981637
0.0309	35.587
0.0318	35.692
0.0349	35.822328
0.0369	36.168363
0.0391	36.426863
0.0419	36.574853
0.0424	36.342412
0.049	36.417
0.0493	36.617577
0.0495	36.689447
0.0518	36.905
0.0537	36.741923
0.0634	37.477791
0.0708	37.345
0.0746	37.565274
0.0789	37.631112
0.1009	38.46
0.1242	39.231
0.0111	33.431
0.0123	34.089379
0.0129	33.927
0.0139	33.87
0.0144	33.95601
0.015	34.053
0.0152	34.224
0.0153	34.422
0.0155	33.979
0.0156	34.159
0.016	34.06
0.0166	34.541
0.0174	34.425
0.0179	34.714
0.0204	34.765
0.0204	34.689472
0.021	34.918
0.0217	34.736
0.0225	34.737
0.0229	34.967
0.0233	35.233
0.0246	35.155
0.0263	35.256
0.0269	35.265
0.0274	35.603
0.0277	35.681
0.0291	35.602
0.0298	35.53
0.0316	35.708
0.0324	35.895
0.0331	35.741
0.0341	36.058
0.0344	35.674
0.0367	36.219
0.0405	36.37
0.044	36.316
0.045	36.57
0.0467	36.512
0.0524	36.832
0.0568	36.976
0.057	37.114
0.0594	37.189
0.0753	37.598
0.0789	38.022
0.0801	37.713
0.01	32.357
0.01	33.006
0.0103	33.3
0.0104	32.852
0.0109	33.385
0.0133	33.619
0.0137	33.836
0.0143	34.013
0.0146	33.927
0.015	33.976
0.0152	34.076
0.0154	34.429
0.0155	33.937865
0.016	34.322053
0.0164	33.811
0.0174	34.449
0.0174	34.423
0.0175	34.223
0.0186	34.488
0.0191	34.399
0.0196	34.74115
0.0203	34.67
0.0204	34.694
0.021	34.941
0.0216	35.059
0.0217	34.781
0.0221	34.939
0.0222	34.887
0.0225	34.74
0.023	35.198091
0.0233	34.927
0.0235	34.988
0.0239	35.101991
0.0242	35.095
0.0243	35.132
0.0245	35.222
0.0247	35.253512
0.0255	34.987792
0.0259	34.97
0.0264	35.261
0.0266	35.437
0.0269	35.228
0.0271	35.347363
0.0277	35.492
0.0282	35.401
0.0291	35.611
0.0295	35.429768
0.0298	35.492
0.0304	35.716721
0.0312	35.977
0.0312	35.898
0.0315	35.619
0.0315	35.742
0.0316	35.635
0.032	35.871
0.0324	35.706
0.0325	36.013
0.0333	35.915
0.0336	35.991962
0.0339	35.869
0.0341	36.031
0.0346	35.803
0.0348	35.955396
0.035	35.822
0.035	36.056959
0.037	36.123
0.0371	36.054327
0.0377	35.936
0.0381	36.023645
0.0392	36.116395
0.0403	36.454
0.0407	36.391571
0.0423	36.4
0.0425	36.007
0.045	36.604
0.0488	36.693
0.0538	36.538
0.057	37.326
0.0585	37.173
0.0586	37.004
0.0594	37.081
0.0651	37.361
0.0679	37.428
0.0684	37.904
0.0753	38.157
0.0101	32.976
0.0114	33.885
0.0125	33.886
0.0126	33.641
0.0139	33.99
0.0145	34.217
0.0167	34.575
0.0169	34.754
0.0171	34.277
0.0172	34.29
0.0194	34.85
0.0195	35.147
0.02	34.639
0.0206	34.82
0.0221	35.398
0.0224	34.83
0.0237	35.025
0.0245	35.059
0.0262	35.095
0.0267	35.481
0.0274	35.484
0.0286	35.508
0.0301	35.388
0.0322	35.66
0.0332	35.809
0.034	35.754
0.0354	35.785
0.0356	35.965
0.0365	36.239
0.0366	36.116
0.0367	36.403
0.0389	36.014
0.0403	36.265
0.0406	36.255
0.044	36.462
0.0442	35.92
0.0472	36.72
0.0481	36.416
0.0486	36.325
0.0495	36.748
0.0529	36.962
0.0614	37.393
0.0703	37.327
0.0317	35.736
0.0357	36.183
0.0642	37.537
0.0656	37.297
0.0822	37.736
0.0996	38.507
0.1004	38.404
0.1017	38.328
0.1029	38.08
0.1068	38.818
0.1188	38.617
0.1267	38.551
0.1326	38.898
0.1361	39.085
0.1396	39.105
0.1406	39.18
0.1438	39.192
0.1476	39.123
0.1492	39.137
0.1512	39.399
0.1526	39.276
0.1612	39.407313
0.1726	39.877
0.1745	39.487
0.1956	39.807
0.1996	39.954
0.2092	40.186
0.2105	40.1
0.2166	39.892
0.2196	39.909
0.2212	40.331
0.2212	40.218
0.2288	40.317
0.2296	40.4
0.2304	40.336
0.2305	40.318
0.2311	40.115
0.2388	40.569
0.2445	40.472
0.2459	40.557
0.2492	40.392
0.2492	40.608
0.2496	40.364
0.2505	40.594
0.2604	40.655
0.2642	40.573
0.2696	40.575
0.2707	40.574
0.2707	40.656
0.2756	40.875
0.2828	40.579
0.2888	40.942
0.2937	41.014
0.2996	41.286
0.3001	41.138
0.3001	41.051
0.3088	41.074076
0.3105	41.108
0.3109	41.178
0.3182	41.218
0.3192	41.035
0.3206	41.121
0.3207	41.282
0.3212	40.696
0.323	41.162
0.3281	41.316255
0.3288	41.357
0.3302	41.27
0.3307	41.344
0.3311	41.398
0.3361	41.013
0.3412	41.286
0.347	41.143
0.3501	41.285
0.3501	41.289
0.3506	40.922
0.3512	41.457
0.3588	41.303
0.36	41.288
0.36	41.479
0.3601	41.306
0.3688	41.389
0.3705	41.466
0.3712	41.602
0.3806	41.676
0.3815	41.702
0.3874	41.358
0.4006	41.798
0.4012	41.494
0.4094	41.599
0.4206	41.759
0.4231	42.265
0.4301	42.113
0.4302	42.016
0.4306	42.152
0.4365	42.141
0.4434	42.493
0.4434	41.823
0.4474	41.964
0.4504	41.823
0.4512	42.158
0.4612	42.328
0.4812	42.296
0.5088	42.036
0.51	42.213
0.5105	42.277
0.5304	42.047
0.5304	42.521
0.5307	42.903
0.5406	42.274
0.5501	42.518
0.6192	43.3
0.6338	43.048
